## setup file for SPH 


mass                0.05
scope_length        0.05


position 64
0.000000    0.000000    0.000000
0.000000    0.000000    0.010000
0.000000    0.000000    0.020000
0.000000    0.000000    0.030000
0.000000    0.010000    0.000000
0.000000    0.010000    0.010000
0.000000    0.010000    0.020000
0.000000    0.010000    0.030000
0.000000    0.020000    0.000000
0.000000    0.020000    0.010000
0.000000    0.020000    0.020000
0.000000    0.020000    0.030000
0.000000    0.030000    0.000000
0.000000    0.030000    0.010000
0.000000    0.030000    0.020000
0.000000    0.030000    0.030000
0.010000    0.000000    0.000000
0.010000    0.000000    0.010000
0.010000    0.000000    0.020000
0.010000    0.000000    0.030000
0.010000    0.010000    0.000000
0.010000    0.010000    0.010000
0.010000    0.010000    0.020000
0.010000    0.010000    0.030000
0.010000    0.020000    0.000000
0.010000    0.020000    0.010000
0.010000    0.020000    0.020000
0.010000    0.020000    0.030000
0.010000    0.030000    0.000000
0.010000    0.030000    0.010000
0.010000    0.030000    0.020000
0.010000    0.030000    0.030000
0.020000    0.000000    0.000000
0.020000    0.000000    0.010000
0.020000    0.000000    0.020000
0.020000    0.000000    0.030000
0.020000    0.010000    0.000000
0.020000    0.010000    0.010000
0.020000    0.010000    0.020000
0.020000    0.010000    0.030000
0.020000    0.020000    0.000000
0.020000    0.020000    0.010000
0.020000    0.020000    0.020000
0.020000    0.020000    0.030000
0.020000    0.030000    0.000000
0.020000    0.030000    0.010000
0.020000    0.030000    0.020000
0.020000    0.030000    0.030000
0.030000    0.000000    0.000000
0.030000    0.000000    0.010000
0.030000    0.000000    0.020000
0.030000    0.000000    0.030000
0.030000    0.010000    0.000000
0.030000    0.010000    0.010000
0.030000    0.010000    0.020000
0.030000    0.010000    0.030000
0.030000    0.020000    0.000000
0.030000    0.020000    0.010000
0.030000    0.020000    0.020000
0.030000    0.020000    0.030000
0.030000    0.030000    0.000000
0.030000    0.030000    0.010000
0.030000    0.030000    0.020000
0.030000    0.030000    0.030000
